# Stripe 82 Mass function, A.Leauthaud 2015
# col1: log(M*)
# col2: phi
# col3: err
     10.5300007       0.0037181239746525       0.0000674828485364
     10.5900002       0.0039380711013939       0.0000698459287637
     10.6499996       0.0040894862179855       0.0000722866235903
     10.7100000       0.0040383532732409       0.0000662929639270
     10.7700005       0.0040908159594431       0.0000703694266183
     10.8299999       0.0038757157669296       0.0000695157940898
     10.8899994       0.0035510816284686       0.0000613670922682
     10.9499998       0.0030164030005508       0.0000560962163465
     11.0100002       0.0024489904308442       0.0000470382930798
     11.0699997       0.0019453926456820       0.0000397382079167
     11.1300001       0.0015132536207563       0.0000315607779955
     11.1900005       0.0011826279488207       0.0000263601180835
     11.2500000       0.0008481995454230       0.0000225760676676
     11.3099995       0.0006155278335940       0.0000172306172283
     11.3699999       0.0004243216151189       0.0000124909554535
     11.4300003       0.0002647135692084       0.0000102277689749
     11.4899998       0.0001629710586423       0.0000074989556834
     11.5500002       0.0000973496175221       0.0000055858324505
     11.6100006       0.0000473084844146       0.0000038293694332
     11.6700001       0.0000286507536454       0.0000029456064378
     11.7299995       0.0000150693044546       0.0000020087787682
     11.7900000       0.0000055187591017       0.0000011577057529
     11.8500004       0.0000035676016377       0.0000010974668075
     11.9099998       0.0000021962406776       1.8077858026109739
     11.9699993       0.0000016503071827       7.4536917715532010
