# Stripe 82 Mass function, A.Leauthaud 2015
# col1: log(M*)
# col2: phi
# col3: err
     10.5300007       0.0005465871143795       0.0000186361909678
     10.5900002       0.0006466689902297       0.0000202809530738
     10.6499996       0.0007605405721440       0.0000226399551147
     10.7100000       0.0008980238958951       0.0000254620220288
     10.7700005       0.0010110599238077       0.0000261765323072
     10.8299999       0.0011427113410401       0.0000279563766454
     10.8899994       0.0012443929039645       0.0000283632592882
     10.9499998       0.0013462581940447       0.0000281595027520
     11.0100002       0.0013591866292291       0.0000270584777717
     11.0699997       0.0013346784196546       0.0000253143276710
     11.1300001       0.0012011895252712       0.0000210187315137
     11.1900005       0.0010098200159914       0.0000179210473580
     11.2500000       0.0008123402151969       0.0000138379099627
     11.3099995       0.0006267145068346       0.0000117402254142
     11.3699999       0.0004526007181301       0.0000098928162165
     11.4300003       0.0003115557563101       0.0000081103824532
     11.4899998       0.0002179855065637       0.0000060087606145
     11.5500002       0.0001422900947919       0.0000042554102233
     11.6100006       0.0000801462214344       0.0000030815186306
     11.6700001       0.0000484558013253       0.0000023691008548
     11.7299995       0.0000259549804151       0.0000017548431084
     11.7900000       0.0000117177461998       0.0000011130589170
     11.8500004       0.0000046611133525       0.0000007674767163
     11.9099998       0.0000031066326909       0.0000005367210064
     11.9699993       0.0000012412853602       1.8077857851729209
