#logm_100 logm_10
11.601240021174572 11.317429405635021
11.607909234523564 11.31820586538294
11.609907477275737 11.276823370830424
11.601116300185753 11.36190426405294
11.628990802675064 11.325729999452408
11.61778408792084 11.318088119292911
11.604607734281556 11.343899879056947
11.655119422135412 11.374763014969885
11.620375145897096 11.27082871340198
11.63923079424087 11.341170377065577
11.633371920865038 11.379513354580858
11.627102845134235 11.410147660197712
11.62166419206159 11.358311797957587
11.637534561702896 11.250983658382584
11.620099448518566 11.388917350129894
11.606641289577981 11.359995362148782
11.615471662167591 11.375653089169544
11.661516948843573 11.386483951712226
11.660502608863426 11.335389312354637
11.608377079821206 11.386287312365152
11.636773331093313 11.310375435280324
11.619029714384356 11.370103551664629
11.653142235525994 11.380297920950799
11.612847483044378 11.340448534374945
11.61700566556287 11.3668330505116
11.64361921267345 11.459065112636829
11.630815001376156 11.350685568697934
11.606667851421973 11.316809033367774
11.609583760875882 11.299319173473538
11.640532644387134 11.39573779880608
11.625400901604689 11.384893775750196
11.605457320603167 11.328805938156878
11.667504605848329 11.393189725477235
11.631297671630106 11.301225268676005
11.617711872780948 11.268554539406924
11.644183739876143 11.352531060432783
11.61285990177026 11.344795402868893
11.604864020288954 11.306552786768446
11.618592423816185 11.27400509776638
11.651507196952439 11.47156983428154
11.624719601380125 11.336835842835203
11.601728015466186 11.374303393884155
11.617367597272295 11.372390599896807
11.6496344691939 11.255466569108451
11.619344422990364 11.186592767411751
11.620167821239976 11.328119366955308
11.628263216172737 11.300449113999885
11.614255084833983 11.366587772211913
11.632634306206846 11.320007467522764
11.643345731056147 11.279250043189936
11.652935217806924 11.362718771884072
11.622317854031566 11.304806295498851
11.61098475704952 11.310522987945516
11.651510286207518 11.332090425367674
11.624635421232295 11.345841132597041
11.609970743946626 11.338062937550141
11.663845839869854 11.415526214015362
11.62221631858582 11.293907259442754
11.605248308419032 11.403558588265224
11.60831507199195 11.305509171418219
11.600068956757017 11.336522966766783
11.701632799178778 11.423584283858954
11.615686464529634 11.22562794707358
11.647219843918423 11.274241633469204
11.651926024927949 11.349350913538789
11.624659393517625 11.340774391381395
11.63275767887241 11.386814609414403
11.606599959226337 11.339707526059833
11.687257100819135 11.330384542225385
11.611008491648361 11.304731216562912
11.644040042635059 11.396797115083789
11.603006567288524 11.363970960904247
11.6729387751725 11.359219979396133
11.632079855408858 11.310704962220381
11.603376655476966 11.302617339986243
11.645789282971418 11.433706420117414
11.620496606556161 11.336673593250497
11.653795368140042 11.400196201269925
11.600239906659725 11.319568786969784
11.610422820016332 11.39668342487473
11.61104243536617 11.2845119788232
11.6365374980563 11.30846304279507
11.602713892040041 11.17785389142969
11.626497629106522 11.308293703020096
11.603341368600574 11.36512496845409
11.606003404308861 11.279792428661889
11.601155539826472 11.283064147309382
11.60918707659133 11.333558033012228
11.60601899978472 11.283553103178274
11.601371806226485 11.350528758130782
11.643071905585423 11.320470587226048
11.602657036899334 11.257118897556072
11.662222386444828 11.417566777313969
11.625388185369532 11.234932939397853
11.604764457016078 11.225030417709437
11.67697098708944 11.408199815519616
11.604948590613235 11.276402066565383
11.641012389830113 11.248027999571324
11.626408590097729 11.402069104929272
11.686159238377023 11.380870923557687
11.671830124502524 11.389863915090903
11.601044174326363 11.249948974741402
11.622930524093148 11.175070759994027
11.611206519400248 11.266027915274272
11.611991322064272 11.291282093548647
11.652727362434335 11.364609953681894
11.613431989967953 11.301405966103207
11.615920587432496 11.39315466488611
11.648829926090558 11.348339546757062
11.64015407673049 11.306819153939962
11.657598844636578 11.357091299165386
11.62440588061138 11.335992832820853
11.616396873025064 11.333076446084146
11.629903653291992 11.368393757967285
11.638180371380777 11.338034268475504
11.629868274060014 11.335139041271928
11.606636009629984 11.258007965501566
11.625902948860208 11.236096201423685
11.648753326903947 11.356415909301408
11.656506209876152 11.402134566809746
11.619388441248974 11.327431539698681
11.604428767907661 11.271663188684029
11.660865165967628 11.414879181165382
11.66952758280411 11.473680071512605
11.62301135853893 11.361005552569692
11.63068602450936 11.257200459323814
11.616226046795786 11.319968074078501
11.614417394163409 11.402992566587725
11.611087821216602 11.381451628894824
11.605527627255565 11.337850320126659
11.643551235422539 11.347292309030937
11.61749468289404 11.40271196805029
11.6423428650432 11.344424545341052
11.639162117411631 11.22470479624464
11.6245399743601 11.350066784052483
11.631072966873273 11.399824111282452
11.634363120443265 11.345385497457425
11.619934971557738 11.302244122253539
11.615304381469626 11.339550406555075
11.607136970478225 11.303485160785842
11.665902711378987 11.324230767714436
11.631591647459864 11.346722453429102
11.639498817082297 11.323159324284445
11.62139061669767 11.311831748289467
11.646856554243616 11.18515897581344
11.633693583070883 11.34967125183309
11.616032953687942 11.305473680921828
11.60163122220445 11.277346668676618
11.679794291826514 11.254696826311378
11.634806514658372 11.315613628305833
11.661448741980262 11.248885418005653
11.607379558610482 11.217939022111459
11.622482540465874 11.340659382201714
11.613065542556793 11.336644949295074
11.62574122870144 11.119190439822045
11.623831839634779 11.433899016453626
11.627293769707903 11.310215179314836
11.60372789891482 11.351399026234155
11.622978516125583 11.31790191700449
11.636169844002938 11.230566435189461
11.634437269176367 11.289159482921484
11.620274944911658 11.386180325160682
11.632702057644742 11.304207032009977
11.615711509396919 11.282635986020454
11.687570645124138 11.372299267560662
11.650714769982303 11.432882204674685
11.648831312899024 11.367624228243262
11.623981507412743 11.178816826931786
11.624461670049396 11.382356186040607
11.61002510243512 11.33743160420514
11.671828749635141 11.416034224488657
11.685860585229928 11.397044133203561
11.61318577991015 11.384611027102533
11.693331923574185 11.406974043935513
11.609770182635877 11.292303446796033
11.631184283750658 11.275716487424974
11.628177310219233 11.39420380710644
11.658582035268545 11.3551533853662
11.753304150290017 11.301055576986794
11.689180200901667 11.400015657749812
11.617640661089158 11.27439992317412
11.699040756851343 11.367831574112085
11.61859139108768 11.407273375035434
11.627497559707113 11.36111152760262
11.615120817803806 11.228558470391697
11.641105661971066 11.400649080855343
11.661107434965505 11.317203893400563
11.646812114714727 11.251280460356817
11.632328623202618 11.229923838046368
11.61657364974364 11.269720393518053
11.61588648720518 11.367395199973735
11.637550931399902 11.332066159671387
11.6428496212636 11.359091457811452
11.640877296913356 11.215901901710719
11.624060805290314 11.379677947013947
11.610013334659275 11.348316519168552
11.610510714963358 11.308422931149881
11.658503120053375 11.387766425717437
11.638196214045472 11.309515221919007
11.621174936809807 11.334290628948478
11.637592167626302 11.325370640526693
11.65365184684773 11.38984168907185
11.64455224076937 11.270872126023276
11.636129124451001 11.297361119079907
11.613136291442991 11.271036148010374
11.672569860626455 11.389112104583974
11.653359475655533 11.403252664132095
11.658820029395796 11.314257498878218
11.617843564447385 11.34535210936926
11.634400380007632 11.395934117190249
11.635249794897991 11.352862061438518
11.641712671079706 11.331577783384393
11.608802758695331 11.263031922818866
11.631496888483627 11.248898965204818
11.675289689050826 11.380302010522994
11.631165288376552 11.291044972824794
11.63497981557018 11.33606395253307
11.643176398385053 11.309384665596967
11.717901127441268 11.392958538635115
11.698757998078053 11.376952997772877
11.648441328394354 11.321205152857244
11.61810673324462 11.3482197627246
11.62705270052339 11.370573437217725
11.707079300148449 11.439993271095714
11.61938463016326 11.252711160619803
11.614859957092069 11.330907244079373
11.646479218421437 11.348922341285206
11.653307178020585 11.250883319378007
11.725352532504353 11.5181496211274
11.643217627579592 11.251046721512697
11.628223546523735 11.347592481155083
11.604609382665789 11.348209274328386
11.642562451271344 11.293728413490582
11.641799013180274 11.361824075741309
11.703345201981925 11.417300127519034
11.671841549404958 11.258603024014333
11.6426408806977 11.319684795492622
11.74217958375841 11.43256444856554
11.657594299586021 11.191473579676353
11.685203156231024 11.380364975689032
11.643254153037576 11.326041094565896
11.661062666254766 11.391278692560919
11.647936654174758 11.383192849243118
11.651268745323533 11.352915550133103
11.695439442443725 11.461603268432494
11.616910778237333 11.409698330117216
11.638053581571699 11.358710930204511
11.701652121722237 11.350025725543038
11.64885164325742 11.321110974006931
11.691956216138344 11.382172280591469
11.660656942877061 11.333401693853624
11.659239711961941 11.370001735887723
11.609933655763566 11.301378052736222
11.63778471022714 11.270919552146085
11.664809616504563 11.208680542407883
11.694861698561626 11.387050915175395
11.619256148490585 11.326458106193222
11.679966871161152 11.412157956976582
11.655980433740613 11.385694827356335
11.62445232711065 11.269837115623833
11.66577703495584 11.347333736615996
11.671694397302424 11.311802505822932
11.624349813818878 11.22602580106253
11.677767525349593 11.330705414448714
11.646607853690595 11.368404843131513
11.660560735413553 11.326132901856424
11.638473404073109 11.226288688802113
11.629538220729295 11.321360272731248
11.712369142761325 11.360158144226169
11.692042183302554 11.357567619703921
11.662279691855666 11.342392530600783
11.661164813797301 11.357856326858824
11.681087736962358 11.41847920882515
11.668119111928558 11.363875070485687
11.628541163522486 11.2996322432344
11.660850611125328 11.314458933268883
11.720767930885414 11.410107568641761
11.655023704326323 11.286408553874663
11.716119700627978 11.409761363225634
11.698437619548734 11.424964833599027
11.714239228344626 11.39244757947988
11.659345796020407 11.373097588928122
11.730368422150821 11.43359737265131
11.637532655619388 11.362326089762455
11.681897860730167 11.357231837475773
11.633372066251166 11.382189510098822
11.648634478768766 11.364078089913786
11.645411039229138 11.41652062022279
11.737427550732631 11.397718268811245
11.64615704388797 11.391748207523223
11.739797349447382 11.382301087850703
11.661902515508213 11.344942180730381
11.680706109788115 11.376581277634795
11.667602292982794 11.225800268141485
11.628175893705354 11.380418935697541
11.655656913296324 11.403346160427672
11.638131626243474 11.353506572837713
11.601436025577947 11.302220708805486
11.681242963462186 11.39480116048367
11.707141257843823 11.40505252035603
11.665300601639665 11.333839648880875
11.700610186059013 11.435472513634696
11.644553247725757 11.371928278243335
11.645597729238874 11.39931133702696
11.676590888220614 11.20350071640665
11.673590829183327 11.24586122255491
11.727392920286725 11.39616180303819
11.67352742206525 11.271815004462711
11.639004182514855 11.28576035469503
11.642363947804785 11.361665171559668
11.697105871130592 11.385232435156471
11.74329882825933 11.449330627575737
11.675301250863608 11.387256321359214
11.662006279316781 11.306777855244516
11.62885889157708 11.191375104040459
11.715185949296785 11.403961965532137
11.723370346904652 11.425611290813343
11.784719631466059 11.373821422847895
11.690675235011609 11.423116183497937
11.676516656890936 11.391013269439764
11.695115162224457 11.384734226555512
11.715913805401458 11.355839762127532
11.707115769411878 11.345417618777113
11.640060087440819 11.360266348121971
11.62749251852673 11.350971789461788
11.629107507943864 11.309167894601579
11.699717641758603 11.263496519016904
11.65396780349101 11.289432471764936
11.70864944097698 11.350867077085379
11.63615551768941 11.404641540638629
11.624772903655598 11.368731376861165
11.632121398357686 11.320419623760518
11.657088716589671 11.348583658301097
11.64389974858999 11.426779577996728
11.70105320797257 11.427936142542883
11.628787885456573 11.471210370808135
11.673786736134845 11.342829323415119
11.67713817256475 11.372091137347464
11.69358463113147 11.364516447232544
11.708004746105225 11.21558741059497
11.683665081004829 11.421205326060981
11.662471654126552 11.286412121961025
11.643436793422222 11.41300046834898
11.684232494022739 11.408254405643833
11.713902726361983 11.250336899945967
11.639869661116164 11.30647274949507
11.67434697392709 11.415217449696133
11.719289087123151 11.386325143641706
11.692806983618286 11.29004838529065
11.631030205782242 11.351138238008804
11.643630054387163 11.288327243718218
11.66236511745598 11.40681377926018
11.67324832990727 11.250153580456587
11.671123861245535 11.22839200394573
11.68075798309229 11.365059359435064
11.72613462062027 11.462925277663727
11.679302890376118 11.31366987951186
11.717055532274848 11.350525113878852
11.670136465291638 11.431311620931286
11.6941619138669 11.268039248461626
11.678966726671884 11.38496705473585
11.75100283259328 11.403377100171404
11.704727251367315 11.305934030847295
11.621177190247504 11.33902882904145
11.665501460431198 11.387978419659714
11.645996622212945 11.300774149068413
11.69039562461853 11.374566347579956
11.676272571709848 11.256604374078012
11.68805352321172 11.363478099017383
11.670674225782722 11.352653405165047
11.669875494506824 11.418226591613758
11.67460090991962 11.347571681709171
11.70282235286891 11.320727969629164
11.763363933582722 11.432068920154988
11.68416521475156 11.353166794036229
11.66726083755061 11.325084400172681
11.703456003833237 11.329197962451401
11.65479683193618 11.33793949398452
11.705864841241553 11.342429096002295
11.633261993799259 11.33505471077924
11.691853098633178 11.430131487610229
11.678725764971777 11.319684550982519
11.669296638055416 11.306665793939205
11.736561269077884 11.465177029881106
11.685885220260172 11.344182759017496
11.702226446241694 11.208183096021967
11.68775621088535 11.409122139535253
11.670294087273692 11.351039212090587
11.637388065638833 11.325698688807778
11.673436811276297 11.306541135617117
11.670850146247865 11.313680041267396
11.682590394989294 11.286108881012243
11.716051385799817 11.326874063412122
11.719049207202811 11.43110441350164
11.695897475690968 11.361821547956593
11.744263576061268 11.467424319774647
11.689703627069546 11.361243887384488
11.723390844901154 11.334313658316681
11.68182611951396 11.144164567084761
11.718939273464047 11.408030955898129
11.649258719315524 11.332129584183688
11.607535073328119 11.330677697229486
11.700262553142817 11.380616671489985
11.632717151329926 11.360117931054047
11.729292662036265 11.45665243376478
11.772356249670663 11.424743868689218
11.702846571769573 11.385121390189983
11.711921593846274 11.408825776280356
11.714728017029703 11.28568901556486
11.72330859217681 11.381398229933158
11.727898146273212 11.484165693880634
11.727947207177817 11.333867998803793
11.67125153883781 11.440731290424724
11.677215926097386 11.416243903087132
11.74565437520901 11.29785278524319
11.711477532796629 11.394155755452879
11.661492587158026 11.463400126525702
11.662572695914836 11.378377749625773
11.727303155998737 11.403681406120807
11.727185322053536 11.338558269746407
11.694943760138885 11.284215305549042
11.740304207692649 11.44783136833718
11.6676552279735 11.30898880799059
11.71123476335713 11.344424918386427
11.725134202854758 11.38833076657546
11.70049859769553 11.468020455910862
11.68373645567019 11.40541328214724
11.73447011593684 11.350281463898266
11.728405269619627 11.355448993679685
11.728127813731458 11.349022245799329
11.728683382632095 11.45063772833522
11.673214366602135 11.330833842920494
11.723089036699381 11.386610803361979
11.63216217374099 11.378046115391381
11.744700265805873 11.376748872678432
11.699432076268682 11.34970921402503
11.670633484145686 11.327911545058772
11.763881093342563 11.388822919209263
11.683969262704554 11.333871606454554
11.718838596368165 11.412256145501466
11.741404635261771 11.472796542000053
11.743205057977052 11.442860590813966
11.604786369553533 11.391340706101385
11.74169423953221 11.360650805389144
11.739253405689523 11.299216632007882
11.698397241185829 11.452431283544227
11.698608996340166 11.291534068056475
11.671614266942267 11.39383182675672
11.783116384050071 11.381296201249778
11.779838584227104 11.38851644830181
11.773443828945805 11.402763019924809
11.707682398986211 11.249105242919317
11.708249100325828 11.333655365584617
11.757449234079314 11.328793609689665
11.754217848314509 11.368115171922907
11.762968100308571 11.313939131497536
11.747630690117107 11.245393370170818
11.634858511250501 11.433403394978528
11.830111063214893 11.465653932782764
11.771052591571856 11.437312357196856
11.690141683576112 11.397624021527772
11.792408944484695 11.488062859889968
11.704286700946891 11.392594463092887
11.72572945998106 11.49460267470274
11.781694517644635 11.40841780713438
11.706621602950262 11.303993658003973
11.836896889367866 11.367978089013862
11.777275499488375 11.487126764441989
11.733146036502278 11.400646532412923
11.744504669063193 11.427273490779502
11.737921837439988 11.313652161231492
11.790357382751317 11.449691565490575
11.719058267317276 11.405670396528702
11.875695235246962 11.42049027156288
11.729174717917333 11.43445788289536
11.777268594065685 11.49594039277174
11.72169445696306 11.330383765129564
11.79523509054067 11.477195196436666
11.781460570466775 11.351422118318338
11.734138529606229 11.397623102970487
11.766991546251147 11.495383193590014
11.770136109656265 11.317405930823258
11.794231372652558 11.328700023470429
11.785658115262674 11.414953464383768
11.810849741894001 11.429347590404744
11.785758955117986 11.403440458413884
11.78916170302109 11.415254613787692
11.780833690568535 11.382618396684258
11.607988571798348 11.291534638082528
11.76059004692509 11.312624424976848
11.853167176784265 11.435261369289147
11.783961160177226 11.324482781881327
11.761534384960173 11.280448607677458
11.818030331911803 11.44090554553485
11.785530772563023 11.434050288554234
11.770633928294528 11.385122529979098
11.805035594062518 11.562846186713886
11.830755160959608 11.419958041818983
11.770607744880731 11.451427256294306
11.809916842944373 11.428646434314002
11.84451173520058 11.30218003964394
11.802231228048552 11.466234600240934
11.838979248001277 11.409986976577937
11.867936953935082 11.543405398759301
11.882163653940777 11.432170520395855
11.879883354826898 11.54160458438012
11.840966144554944 11.456149974816174
11.812381893833974 11.516017109593252
11.6895808218986 11.50119199743571
11.830428313029602 11.304851721537903
11.835452016229485 11.497397359247064
11.813776211183676 11.442510799806723
11.795657095169434 11.394021925186523
11.805305803331315 11.502151811632096
11.669850993131814 11.359062838529763
11.813197463951594 11.246945709190852
11.82454988875637 11.51929685988674
11.755630774868603 11.386452002895947
11.860545413624429 11.430279986988687
11.821937042450404 11.429010826324916
11.83277529991189 11.472448532944117
11.795523516645112 11.358081690778413
11.745968768734768 11.43032355083926
11.90103406773518 11.45041437016438
11.822624525756314 11.506776175231412
11.825861709187107 11.361576812336521
11.915781054314063 11.638729128654884
11.809421956942613 11.394229352877671
11.833573628900654 11.473638822076923
11.882661739803039 11.405600468135559
11.867305901022805 11.374448921652688
11.867032991659165 11.39746187807274
11.870060081719087 11.45111953759067
11.884884785150744 11.497159908746935
11.907562945696558 11.49726555189773
11.884576087985526 11.487740760837088
11.823703492268091 11.534565651997095
11.86041466462105 11.531395118112261
11.869438195311272 11.442815804564201
11.918378139103966 11.454875255192833
11.932745324056391 11.570948944967036
11.923426913303484 11.452006625217546
11.97933188733385 11.477472222416857
11.917278521769374 11.306974642985194
12.02112106160386 11.565518415729837
12.015225699316685 11.482315352331822
12.169968008983567 11.543525099742844
12.08133252572117 11.399099668970681
12.037128078350623 11.490214931377967
11.973547562764036 11.342256173298704
12.015251755205046 11.571397423234831
12.011528288224678 11.563892637589912
12.015970108092443 11.438329574645177
11.981948842087636 11.443764676133046
11.961278259728253 11.351085007164777
11.979611372036064 11.522646879238213
11.92395573632799 11.396294412780627
11.9506592113107 11.359400208625154
11.970820094169351 11.490934039176675
11.958424203233339 11.55130349858246
11.957080402921655 11.53292707497976
11.88472555126255 11.355721454277687
11.781728450273805 11.2827221789115
11.930321408063115 11.4897629745304
11.900560440846194 11.408969940968264
11.90046002777767 11.36896874817562
11.840579648160984 11.36654724612241
11.920349949707333 11.304902905334774
11.890525023299372 11.423170248824274
11.865767246843758 11.433482891680184
11.88133395799858 11.367376934377974
11.835411732005635 11.426560108470479
11.906982980387635 11.490800462382264
11.864414672979198 11.254722099431834
11.827973594572159 11.427010764982315
11.870306962551068 11.413214677394818
11.850749918258892 11.31359858158897
11.810410321425234 11.36637002296332
11.855050619985834 11.539281424429193
11.777282570040363 11.270098541414875
11.805590158225517 11.541057115317802
11.818580965411387 11.336714128863536
11.707526052255428 11.271955335397518
11.800896916492324 11.405886921985488
11.796736768757624 11.172414831196589
11.76675093393856 11.314534785562095
11.805196846350837 11.342765892371345
11.740587418273945 11.397490685180683
11.763503075019669 11.412709236518692
11.77724740564101 11.352448440186908
11.68497228072858 11.244897360074283
11.818025365583825 11.357026830427575
11.766717492441561 11.4654269803566
11.765680801169996 11.248965751426343
11.774572916762729 11.289922304885287
11.74065753004259 11.420049391004504
11.774262346156252 11.436877168543948
11.711796885739936 11.303116923581733
11.770728885383935 11.202481090278955
11.734958361868589 11.456178378348081
11.76030424702098 11.460282121776839
11.740076485046867 11.264401855835441
11.800697041520984 11.298538876542956
11.798813903941515 11.386987770213487
11.722205085354117 11.370370788173942
11.741509149582082 11.383684824020559
11.714978427662846 11.352952213063237
11.711590255664946 11.38254877464688
11.674327750593473 11.23814763584738
11.717942780580106 11.43185383709866
11.724329432621396 11.31813665308038
11.706754934626478 11.390548002558607
11.691878191772487 11.335610262695338
11.663374128616418 11.383342924392785
11.72074933627389 11.404538589508753
11.736085015507927 11.36928947565197
11.709914223610731 11.37362958615956
11.663929591947259 11.129130969815911
11.743104724458298 11.374352244905076
11.698337870938007 11.204919177395526
11.653061147728305 11.389020200767856
11.675327377440304 11.442391471983761
11.673389141035422 11.187770549726828
11.656438776112587 11.388678499318154
11.610427465250108 11.1317602060338
11.670959919064423 11.218428104489227
11.67100098993831 11.26030591394954
11.660842670252755 11.232322467616036
11.655993675014171 11.284365867396984
11.659627820032373 11.204156781214014
11.603789686014862 11.227749227335662
11.641788962653992 11.31696558313739
11.643517448591073 11.2765349885691
11.621871840710842 11.169855963940822
11.648031074536222 11.256857711804289
11.602771143722991 11.344458918381195
11.771718678969233 11.3574683051289
11.708987598063102 11.35707509958898
11.701107762436088 11.333032391647514
11.715688439810755 11.282446595633509
11.703561308754159 11.432699683082772
11.73401729596421 11.422609253056494
11.681003111574949 11.342908400271238
11.674566119918023 11.362041324385796
11.679886613642124 11.10676458910599
11.643775476167077 11.380538476655358
11.644702933095504 11.352978728078414
11.60684654014709 11.346967427903438
11.602863326021012 11.341154112764176
11.622297935630716 11.373746566917337
11.60464155116068 11.294571513318884
11.689436477204236 11.408410590668591
11.616403811399538 11.289765589658815
11.629658434629622 11.34551117205638
11.612076974089847 11.373714661772953
11.855159539866133 11.472380418467207
11.633592653763277 11.308380175125581
11.718075882145161 11.432422767826314
11.803988600876634 11.417366171982591
11.62169737085178 11.233358328188206
11.849088856957092 11.514333913109436
11.602023672422693 11.33101231988363
11.634205225302647 11.317662599875401
11.627807001862452 11.301845888886378
11.994006275139826 11.297822116814631
11.665672767892888 11.29052876307111
11.773494856169417 11.484685079863265
11.71199297162472 11.395808927740443
11.651238429034724 11.42686365791656
11.66803471517549 11.362642449855667
11.814690922881313 11.330368374968716
11.63689593976154 11.375955388003728
11.623590533410935 11.27954489437285
11.775213858391659 11.444163939263241
11.827109046011262 11.442095465688997
11.643654426126993 11.338725646524942
11.639020220254682 11.347104326699995
11.704600333299233 11.27326297673185
11.733971227531619 11.336096395378298
11.699604306623097 11.283159528180715
11.779567212864514 11.404478521153088
11.625180252560373 11.316178329952951
11.637721539244954 11.303514004454914
11.69747393964589 11.192060884225969
11.778915784653169 11.323378942306977
11.822207324386834 11.405259005905389
11.884495450452128 11.370788289502421
11.686118959909253 11.122333406930737
11.636197689098573 11.273930194896913
11.723611999402149 11.499356437573535
11.746774763714662 11.422263235699525
11.608240639217112 11.297691856868479
11.794186625387864 11.497865710165696
11.739573035912953 11.129129920678578
11.668896614810551 11.345821320315922
11.811373233778328 11.43463468549952
11.610786747087069 11.310112308610506
11.680117793281793 11.328043170173883
11.602887245419156 11.272111030819547
11.73509972879687 11.405741627905757
11.684444972398994 11.340801783922432
11.606874784087752 11.350468953704452
11.652120949125477 11.348492981291004
11.744924904108796 11.236503006220612
11.601739208102973 11.308887760043891
11.837232289969329 11.351551709830169
11.924010519340401 11.582018141105538
11.75867509114482 11.472115986225386
11.75308170255116 11.365316771826063
11.864035293888161 11.519977257083962
11.990640615371108 11.359693502333998
11.673359468981083 11.205215052172
11.682863022134004 11.36129644040793
11.98693680419535 11.443640943904823
11.711837053645915 11.321609735835857
11.78836360579923 11.354948192896398
11.742473819480368 11.451314189658591
11.691812560632595 11.198939368799099
11.848013571558694 11.497337988672951
11.771641329965393 11.397339419565002
11.644879252129268 11.31471815746374
11.92186517949263 11.532607748462356
11.602319379280924 11.35841621918571
11.658961798539298 11.242738272538322
11.707373504370171 11.426566009252983
11.633297627500689 11.430432980589067
11.601743695743448 11.352047917850381
11.920297631575226 11.409173974348663
11.708988059325277 11.375498641295492
11.750858143730223 11.436810330314696
11.670172236807996 11.389800570853406
11.925241646758339 11.515626130095741
11.757762286864518 11.417098376952408
11.654603602456676 11.39807474808656
11.601050147871174 11.206946143964924
11.660013144967657 11.436128562448125
11.614131217265653 11.275274520183133
11.630219322995536 11.31237111742913
12.040171694034566 11.643804620975484
11.73866090815395 11.266619778088032
11.813117010962745 11.453702910315773
11.617679894138444 11.292977631260026
11.72635949073408 11.44189560828779
11.616343094694546 11.354237152922085
11.650770024920602 11.338869886065622
11.670932756864463 11.32156561514083
11.612223251780476 11.300400360545124
11.624572894451521 11.408431193706893
11.68835801332183 11.387379352738334
11.633417720836123 11.310148830455264
11.804792571507175 11.415441680393894
11.602273341100062 11.315426226537074
11.625641305298997 11.343688447327805
11.704218346717328 11.306075532081097
11.6108146184028 11.302377270990691
11.718647253533218 11.251808416863296
11.663990698425321 11.25497599658206
11.787272866634138 11.46184104290367
11.61482338648877 11.309686705885742
11.916693484158001 11.484213625759564
11.690932905204033 11.333056127555107
11.637966929592436 11.400471507229154
11.719400398230654 11.39497851560126
11.772635006226038 11.381021045959924
11.649807887789414 11.228527026888536
11.646166800405934 11.38685893907781
11.634696855965739 11.25161065143693
11.686041786453798 11.416134788773133
11.706731572785792 11.455586209931788
11.77097532523496 11.44758722556455
11.673289219798237 11.285440365733296
11.813143352988076 11.498036961081338
11.621950682766213 11.415502127773538
11.796707528766222 11.455244439776964
11.620911766525335 11.337134529586859
11.717375623312476 11.339890348043921
11.601343379600262 11.226560817344403
11.638303260993668 11.276538353156754
11.822900488757698 11.49430532731971
11.618247044699853 11.22868443788833
11.909172672355963 11.354382175529791
11.659503933728475 11.261453625500936
11.676650654166966 11.334623943656712
11.666287435524895 11.397880567543938
11.701822550490927 11.24560287733419
11.761353327896902 11.424353434708426
11.754888464210229 11.391937185523705
11.619533345058512 11.326800152614664
11.600095513465185 11.246321442725439
11.622585716741723 11.35738319446389
11.65656257574369 11.340534934447303
11.625261307144878 11.258764267349957
11.620607521500089 11.332561638321378
11.619571443086288 11.268200631623886
11.624653778730023 11.107898674665082
11.71611066802606 11.37370344146356
11.725827024076194 11.436658666227073
11.716633233536212 11.325449380386798
11.6925841372322 11.387416939051048
11.646847617355677 11.337412726608607
12.025533501740107 11.534627740021357
11.819283244173844 11.316701647799333
11.709052117710426 11.25865653360398
11.643207374731704 11.368882957617446
11.722213453982526 11.439482397769147
11.641025723563441 11.274105252372035
11.612952202802369 11.354859322553345
11.68080708389585 11.362221688082862
11.690132637392587 11.374574203859872
11.795603769488103 11.405765550799138
11.646553313484164 11.315400397529574
11.683633045574059 11.368620113750328
11.663497476229 11.164604692110348
11.716371320253646 11.335043691164291
11.717056720128523 11.43335291611241
11.781565266747803 11.308027821679444
11.663244318346157 11.372014116624966
11.63412183838676 11.311285916145549
11.738213280372456 11.447561958961323
11.641453505389073 11.232504607073643
11.643328116015478 11.21332685716538
11.66355263133277 11.366072048141852
11.65215618521453 11.25350887686492
11.770709865255865 11.400512569113287
11.601585097198988 11.32208604324391
11.700675613546325 11.441578514242126
11.75040595174477 11.479464217430806
11.748327752472717 11.39277603280719
11.625343996680582 11.301421839392985
11.708464035389202 11.413419136402386
11.618524388382955 11.38279993922524
11.615200220284878 11.308266817269741
11.832135461821212 11.463928483976973
11.716425680457426 11.288166784583403
11.75615277142101 11.363608025022085
11.610881984395844 11.317146480245453
11.638053993958007 11.366034607666503
11.816101366011473 11.405960374800536
11.72519213075423 11.406815589616535
11.658033731533887 11.375479105069044
11.625148323968572 10.904156235650701
11.6419289962347 11.283181513934895
11.696181179960119 11.311096074064123
11.870711344411209 11.387508410146072
11.816149517877834 11.254448696954983
11.697094698494386 11.235733767097901
11.641093681728432 11.369520615017006
11.743577134148584 11.30024541570376
11.604449607179847 11.260737754152503
11.820252152094438 11.410330505976274
11.739280354405725 11.449439656163538
11.63339593024064 11.145479937503824
11.691107753913734 11.402676586311195
11.746792398638744 11.205057703204174
11.63113200923202 11.385156514847255
11.819650963174215 11.457321480141989
11.819966109473445 11.531048567969538
11.680143528503883 11.234469585937966
11.762842636627663 11.39026115469407
11.753340453861494 11.410733909366865
11.850108937703343 11.475612477742406
11.668504709169527 11.416528695985933
11.616112975286999 11.348618773626843
11.717554655618734 11.348021116800375
11.722610591825985 11.247470020231747
11.60905749268749 11.167252606823233
11.738119562974386 11.43983693968337
11.630765635589414 11.197261530975156
11.640670845937912 11.352825234365646
11.63649471893709 11.355918013004473
11.701407396533629 11.410949671008726
11.626524337500673 11.400186904639344
11.603045059899545 11.359459473351693
11.650829612821308 11.343789398282734
11.614108042041725 11.323076204578346
11.693744391209963 11.335733145482424
11.767679693466821 11.36005258775393
11.93793271375285 11.526514752632245
11.744720570599728 11.376182667767697
11.734260662686664 11.28727732528432
11.899359055693328 11.420477219755828
11.618071848577076 11.367519671147877
11.923778652818182 11.426590084702948
11.645191251738508 11.267734586699445
11.815334383944126 11.405304018953892
11.924498426342645 11.462183820629754
11.671561144571474 11.39133920548456
11.650104330027379 11.364956663096226
11.751080054700513 11.416436690747876
11.735197959438654 11.36891931106219
11.714337542551048 11.361941531198509
11.818757306036035 11.481475125249903
11.772126726677492 11.41050200896509
11.672079959415695 11.440771976017258
11.709973433766036 11.316461661610274
11.784205096755654 11.496909755263955
11.780253284382779 11.333111637043912
11.664079464725933 11.395149983219586
11.666444860795387 11.411323629716286
11.639513363340743 11.3470710415634
11.801119655618907 11.231860965738536
11.627756622404029 11.250877884000708
11.662960979925474 11.389640781866392
11.63438906017599 11.322010176814173
11.80362722743165 11.370485519057626
11.640831960611887 11.280799879007883
11.630520110840425 11.275210624451265
11.65750926380121 11.332216676520936
11.686444792070306 11.185712370195306
11.683851575642562 11.430004453450179
11.621804716151228 11.324160100977888
11.690619093574309 11.409521681464934
11.615251198130453 11.276339187937582
11.643640133070004 11.373635860609067
11.973134815151072 11.551166355068064
11.720410516042675 11.38751809813496
11.66735225059077 11.407068780436962
11.6136550397145 11.323108622478172
11.602435718231662 11.196179996185764
11.71760432850986 11.38204925191074
11.840910569854554 11.440073625274476
11.607917950465922 11.355262921169047
11.72246150859964 11.189220236626984
11.833115293838066 11.508533193923515
11.798640542765334 11.481941514750197
11.81123189293376 11.589666646351729
11.86779185691435 11.400847162395307
11.632971218730102 11.284427097941528
11.801827898880422 11.512603274246633
11.655852825680158 11.263058216610334
11.646643025689478 11.328685147576685
11.631174281221018 11.323785021882639
11.698524335574398 11.445305684756526
11.654937876898384 11.363658084112739
11.749920884769615 11.335454026859459
11.675694525344916 11.306143820388861
11.674655262395918 11.430501285955488
11.677470565582611 11.332913757110932
11.831150275348083 11.409111243365661
11.817156269198504 11.42549748623952
11.662158702048087 11.321369860800528
11.73197471377735 11.338751904939459
11.680921371539045 11.351562316973615
11.828174937404707 11.374555934108809
11.629029626082387 11.291987771223988
11.72104885683077 11.224349523639852
11.623281953569018 11.297930238481127
11.741671051751545 11.430948700677327
11.91362362017303 11.520822335382991
11.686144598553287 11.20155120713483
11.62358489335375 11.30572142899828
11.660400166087491 11.331404461436613
11.83399268862107 11.434301106894996
11.606743893869764 11.197437367685682
11.740699430827942 11.35734047544464
11.644415983029875 11.429489263364347
11.833730475471206 11.432222144172378
12.004440031645869 11.519359312651728
11.6718782022871 11.353927953568839
11.65256434875193 11.095115961605934
11.646758816032461 11.18643738964086
11.619443719448984 11.153917138638437
11.64772442476003 11.324716841141866
11.699615328864859 11.479277461128042
11.676836999508428 11.435019525143193
11.665596057433373 11.343849231261498
11.690519875380799 11.276060646865174
11.62604470921866 11.402539689077058
11.680865508648525 11.413911086651455
11.626527017685543 11.24834079179443
11.994624610998674 11.33731412515883
11.772447380518274 11.375538620447474
11.631449269613771 11.296672391256838
11.60574516189577 11.361441458587665
11.811287441337562 11.310060062492347
11.65289099056994 11.311432669952264
11.87288808031427 11.417500964835755
11.93614990069019 11.533978765741459
11.643535354154121 11.375409820096504
11.79798079784379 11.405751717643595
11.602701001111793 11.31667500013523
11.673651405961557 11.425027558000131
11.64086710757964 11.293089740941456
11.701760831479298 11.448986592892872
11.674190576550647 11.407739694592639
11.643424853477965 11.259551867638121
11.681581505362589 11.261841782157022
11.887541548944334 11.370533721185545
11.820013160440748 11.44525157901985
11.683331274011907 11.376908086756048
11.801075655831267 11.434255320443084
11.62809187075379 11.338546811549689
11.664337360207803 11.378574573342568
11.74541934548068 11.294161639792204
11.74593688510166 11.326325907928808
11.707359288251528 11.332955334699282
11.604345765276422 11.332251038713922
11.679421610309724 11.280967897846345
11.761273874098372 11.383647455030989
11.801414762894957 11.459662710587828
11.71082041269947 11.424239373270758
11.834682330132704 11.423663958550673
11.648059307755823 11.363211094560022
11.682035295956853 11.47433075188947
11.610729583349045 11.24491537436467
11.644980744831006 11.288935975543897
11.828766145795395 11.31882409104686
11.614617052870175 11.148148241835019
11.631875895418425 11.213175677217741
11.663071780709826 11.291055827645861
11.626451575519654 11.400448882343385
11.67646058051395 11.414017991707798
11.669810467557742 11.360840969877078
11.989657433777392 11.382676156311572
11.707982679247284 11.383288045763397
11.624922958690687 11.270964828807875
11.673360059278743 11.3260442710097
11.601693812373757 11.321696940425515
11.73370057802437 11.407781426718218
11.751360632588845 11.43260739009617
11.619958206866938 11.300314232562739
11.621402447908595 11.22022790262051
11.859373255891558 11.478923960847613
11.791714082607516 11.378509889492282
11.652442530728276 11.310487345791753
11.766605266181951 11.31850136145783
11.60440687773959 11.298080011589688
11.80628204656944 11.386495593322369
11.739727612958507 11.442864057050304
11.615974842677684 11.343292652736277
11.676809722424938 11.25223010206361
11.747756597862876 11.499789831505455
11.681843842896424 11.389844026001892
11.903557140441727 11.510034877868485
11.740404776772941 11.412536315164054
11.698578575015283 11.405591705203271
11.692725188097391 11.464233404955301
11.808920542605495 11.410399119265652
11.6002419745361 11.234892204943815
11.717254694430043 11.384442385164906
11.648648035079677 11.346006166488369
11.706136225305265 11.395523546777433
11.60984236305386 11.353272500688137
11.61585322446043 11.356676016513653
11.697729908598852 11.273022495879125
11.620241053573263 11.371978648177755
11.710233132018491 11.320813576354428
11.619255994609846 11.30810544376756
11.844207531197874 11.541125065072386
11.725547713894205 11.3693637081569
11.609078902797517 11.280778426723298
11.728712947940151 11.471712024783413
11.616637745476199 11.214581051445437
11.733157430000755 11.392636571236107
11.670290023957266 11.35147860733129
11.620505782171602 11.281317206426973
11.724201820565746 11.389519355966137
11.607024941124639 11.322870049156865
11.694723277092258 11.35822787761716
11.608009993437395 11.290748297575579
11.650283853321854 11.279887239247147
11.881402805633932 11.495535686798483
11.690542908253535 11.440274925770625
11.753867181207976 11.368465455438933
11.96262098443046 11.519756566400675
11.715947569795883 11.405835570284165
11.70669657088889 11.296197951809301
11.786259223266743 11.472924758239888
11.75666693252034 11.35059717696614
11.630185315159732 11.33133907034772
11.79649332432978 11.457457336475777
11.60688259965297 11.137571839154923
11.608224867659162 11.303337096052717
11.603724785560306 11.314426728004154
11.671443964770207 11.388121630480656
11.651829163708886 11.381766717114647
11.633888674806743 11.147445155214458
11.600619456422892 11.294670245302287
11.650207842555023 11.348017061915375
11.604592559670941 11.155060050820843
11.618649945938504 11.352557645523465
11.748817892782727 11.423309775106945
11.622317438109402 11.364990358336453
11.680186847594198 11.15976868047994
11.695869739829956 11.265754993736206
11.753907776025365 11.223579025415013
11.658449268863766 11.356661892459957
11.61956349370986 11.321279916744528
11.751197790351714 11.38889691754898
11.629107280195653 11.242642207563817
11.744701755988455 11.436742199408865
11.633142501659153 11.391541511363743
11.650725380476073 11.406781212385253
11.670113900445607 11.408607819818165
11.65900103260245 11.332860628854892
11.668138953866269 11.288919898690487
11.939661326827313 11.460409465255047
11.705309842850578 11.383063291336907
11.687594413426494 11.334779739049052
11.68126283706129 11.44067560256422
11.670550457186398 11.114960781283077
11.709187554516454 11.38520340839829
11.833655436038047 11.152405817507773
11.807850494567667 11.471495285217081
11.608682353255903 11.357886035201703
11.65371064916229 11.223236367851255
11.795441647683592 11.337059994851561
12.041444726625961 11.509596772829575
11.648476590573562 11.355627049863113
11.623021832453514 11.300187817560936
11.750380968112971 11.424311136264826
11.82113113803628 11.448563961217433
11.625666666260745 11.302269983521487
11.645825368986873 11.31659982882574
11.65580502037807 11.30320206169887
11.700559255824523 11.394076940761046
11.658491708817454 11.299440958085032
11.614530560742837 11.232722279798013
11.643012604100512 11.302226623875903
11.66378518054279 11.286739549134099
11.64293885585506 11.307011846272541
11.866465304217169 11.283498499712774
11.755974634632212 11.365668161853892
11.78481560172563 11.378835491557172
11.64626585780701 11.383043163410038
11.82900803138396 11.484409261242359
11.787327997030548 11.415358774008087
11.610547387100983 11.22290834138565
11.829568183558404 11.500773704188287
11.668503827766582 11.209151334480449
11.637135986217945 11.345620635876148
11.613502776584948 11.255075728855456
11.607794772880201 11.2763157003094
11.624580748437621 11.320800192712523
11.676587096008676 11.211010924133676
11.815649220470029 11.445942112926083
11.713147446103243 11.448980614133028
11.794657876126434 11.418118645779755
11.737362208774861 11.291914287021932
11.724240711424033 11.28163855383126
11.705047331346417 11.506581030382062
11.65648085900752 11.313420365538281
11.935553835339265 11.528701113171296
11.601162261905186 11.300592727603428
11.628253954439645 11.274841326265816
11.63311094422525 11.328377667858062
11.633463064726538 11.2826482453906
11.769726155513426 11.27663266491284
11.657538763169416 11.33424793827928
11.620779100031832 11.316629472346285
11.679527289546327 11.2280864783891
11.685598409427374 11.337570226443976
11.643924761600418 11.343874026126786
11.676345073744123 11.325339519544904
11.825577942642337 11.49575635603345
11.636526055007828 11.38415045228566
11.665971546798088 11.346133022933342
11.767378878156897 11.499452662031409
11.87784556625083 11.49136046645835
11.684122727605079 11.233450577946876
11.716590436977695 11.353625806850742
11.615155526516343 11.327974625942613
11.80094884464729 11.442065940594556
11.851071290029235 11.372529915822692
11.612848653935542 11.148877515935053
11.89274071241724 11.459456906570072
11.605575483396219 11.247589986875223
11.646158321094635 11.345084293079498
11.705802819438544 11.257265946574774
11.674792417557741 11.336714872391726
11.870046677471139 11.452546181560495
11.835494137864243 11.333185292344224
11.69915236988809 11.363465686233305
11.628121538431362 11.420927210123256
11.659978245824039 11.182893132298648
11.72279689744379 11.462850074323672
11.637838578822498 11.245309091212635
11.730474949739373 11.360389233491814
11.858219274711358 11.448156484794366
11.665983605075338 11.25000708072231
11.90304935076636 11.407413364438234
11.633254769974757 11.262090448075343
11.680370697653096 11.226303467428487
11.63874138595837 11.3403567195155
11.70615117164657 11.417451067886804
11.688613675954137 11.249222539784704
11.602487010871776 11.229943675910839
11.61382386154596 11.326856584019104
11.76745416135543 11.445471777627402
11.731932125402976 11.429007015539694
11.67178638526376 11.329021530832607
11.615025970538484 11.205737564166414
11.606076931244608 11.221914028412577
11.862814356394924 11.436075617381253
11.606600259579988 11.222458337582918
11.602514253257969 11.353833184837558
11.684712776518762 11.41106356082052
11.636556830954875 11.3910457759622
11.75078384718072 11.426067279187556
11.63935493564169 11.271050683017178
11.630777180953803 11.229610265060249
11.805160585851995 11.116587702246038
11.723717303386909 11.307432742229683
11.630254178970066 11.149809270827976
11.661203746435238 11.36312616312225
11.728925049782406 11.257157624245297
11.616514666788378 11.268635256998339
11.666946131622279 11.198210436737025
11.643752647642502 11.371444298033127
11.634242931554663 11.258394161413062
11.681747497931012 11.36607939185191
11.6891198042183 11.248124587848672
11.809294386718456 11.428873701904003
11.763854901126518 11.382054249576225
11.804186837779428 11.40418054352894
11.738442189336114 11.309365040898614
11.653914323501338 11.378007760696162
11.830067212653729 11.437003667426678
11.81172106170382 11.35758993530001
11.612473201379588 11.32888193093281
11.7180652184853 11.365459398783152
11.630787291441804 11.33430329791153
11.612159412021281 11.317470233554484
11.754716534144489 11.295402187831012
11.622460101019639 11.40287945069005
11.729926268502341 11.457784811898337
11.69903904599797 11.373592917152756
11.68017453776839 11.337500282397297
11.66203018450132 11.36110588335386
11.755846550882692 11.44363646787488
11.613587265075406 11.349186782897672
11.831136185151037 11.435223061066564
11.676305724352677 11.291530562609513
11.751636577357356 11.324476314295833
11.648166144057909 11.276616537734666
11.620207793974878 11.255558975005151
11.64379590512213 11.343613562592832
11.791522075102248 11.497016955778518
11.617612420655558 11.367543756104777
11.631337731930971 11.353907197568178
11.824536694024989 11.311620129083582
11.63621518732312 11.246286369574097
11.683928923160657 11.396926359684095
11.716553329667985 11.405406593522965
11.816762405779427 11.474488693621224
11.752251527285328 11.333976647829761
11.807447320816184 11.468349344131614
11.805517385752704 11.464533041270283
11.607606595712513 11.357340520578235
11.640619349392425 11.357599329861175
11.655860350818653 11.367055342884083
11.784893756013803 11.259987597566537
11.749364276970157 11.35865630730463
11.90196791992692 11.465865052800455
11.710006542109742 11.244448490046754
11.631182315644004 11.358073833283164
11.680549503215547 11.312579036601777
11.657954335115646 11.402642369173263
11.67461006219281 11.36651508386029
11.765147838113618 11.492232951639009
11.697394441128157 11.489868234157942
11.645987873964327 11.30778062909128
11.620093663743795 11.360879262498678
11.704896161879724 11.249242017592614
11.675672771505486 11.397849323324333
11.612964408568512 11.242442863158356
11.731037103593682 11.336665117204522
11.66221573647532 11.405472305384011
11.635006768968434 11.253329141404958
11.710811875702491 11.312996171356788
11.730189769308229 11.497261493246217
11.693129127000976 11.411676948045898
11.789900621818422 11.37931235735309
11.602933782414464 11.313487905339269
11.634875723674178 11.397774168803572
11.61244746007108 11.273497302905552
11.732966371509336 11.502404161426329
11.701791287591549 11.379382611444088
11.688975504050406 11.38542287648693
11.607860297292227 11.230007857411856
11.627619327790514 11.221314014680162
11.801366782564127 11.293409324068033
11.683234414092144 11.383417328826031
11.602428191813491 11.336777442606948
11.701244651604046 11.379420577812542
11.73268517498772 11.446641054199146
11.7248535670973 11.376400999043101
11.852957627673725 11.320682427783588
11.735604150113595 11.369612557706368
11.792935948383136 11.333848576556964
11.863763478329064 11.413676884701134
11.937860639465923 11.669359357727641
11.705261667580054 11.424865206093237
11.633957562467826 11.271459279081595
11.688775172295022 11.364970316948343
11.788554244449488 11.317630820682398
11.776196310910482 11.351868460568685
11.725795727118308 11.389389019354637
11.63200595293885 11.21915652666932
11.889096078773422 11.43326741208641
11.639118375339802 11.254557790317829
11.727406156518752 11.280240667321975
11.709416491812213 11.428876979177936
11.740485065974976 11.471541279353882
11.603666673096287 11.304537187012302
11.70498214796853 11.378535614765404
11.689369640523477 11.355418644124551
11.60745045085714 11.242842639883019
11.825874434461968 11.378776656141655
11.82922438618708 11.395228185625557
11.912884161263001 11.601506635933411
11.624728489038038 11.206335353967237
11.786140069094891 11.475037201968426
11.757558659489892 11.40308268445327
11.841347065862347 11.399423924382855
11.819211883387839 11.405735893092428
11.60443567215589 11.293669452063117
11.899413620131888 11.305943046706595
11.768144891905694 11.406086252379326
11.638256926385013 11.28461732372388
11.888052951548012 11.49544335529557
11.805866372235517 11.419121873028974
11.618179284311086 11.341118775583059
11.76453400048138 11.362625125969661
11.685029065797563 11.415598905275102
11.67593126984397 11.206935221870337
11.735686908085738 11.393487582524214
11.6875532924007 11.270549660808904
11.775046891074119 11.322928017477928
11.773170455924072 11.432449325552978
11.643035138814714 11.239850248067643
11.799360450233682 11.38188284250663
11.784432665040496 11.475534692933563
11.634163749756071 11.37372196966574
11.630095271527022 11.215616015850753
11.81863643255533 11.372959628966463
11.669081533878032 11.336163366763774
11.651652564810801 11.310748328970957
11.865962062388062 11.46588805726111
11.660896100838396 11.242558278877947
11.655102660501596 11.288061072672006
11.656971927736107 11.378912921998802
11.60140115563547 11.310625856563204
11.620657222395453 11.224440829878363
11.67569898089354 11.380449995603012
11.683950685008153 11.407539628489598
11.66458518779243 11.297354772448191
11.658177062045494 11.29000632382528
11.6313017469016 11.368712292250722
11.646194737721187 11.231432240772945
11.767343849031578 11.437374442903648
11.773362810983924 11.420550043955116
11.670539943886642 11.364887325478438
11.658408708170144 11.422077722147195
11.640491023859706 11.275323406061855
11.66007831364959 11.37847831517547
11.644437540339014 11.3094060309396
11.700784571549587 11.436812289139919
11.920758461662375 11.468995308586203
11.647464049087164 11.373619330154058
11.731508195560677 11.395894944828255
11.688955459107188 11.354211005677012
11.699658365409986 11.306246729057447
11.618201202775067 11.28779310646159
11.607888625324902 11.341968939961133
11.790686578400685 11.341697663910939
11.76954756781793 11.4519129852984
11.651408470177675 11.31441334536078
11.768554646350633 11.423989254810106
11.700664637331714 11.345540163759937
11.624095319247164 11.32336556766025
11.764187301083755 11.44936128942604
11.616527756283828 11.340525826047012
11.818404026533981 11.451508350874802
11.85999312452088 11.217707777536017
11.848980849789 11.439576095150327
11.671083689465295 11.244344950451623
11.748099597873745 11.381427082004604
11.738688371190934 11.303244493017106
11.716116549964712 11.281633975501821
11.7798046322893 11.433876440150629
11.814389077320156 11.225259629383144
11.62708880825446 11.29662063045905
11.622650309419122 11.27647797665545
11.67075606948623 11.329269138639061
11.76674214362145 11.386581811895375
11.667628995415127 11.29519151830331
11.844589907886457 11.371093470813703
11.638457770886587 11.29893159443395
12.030986935496621 11.485348851085
11.635815954225437 11.37095198632993
11.828333308155514 11.460090090687252
11.733149462768829 11.316668444702422
11.607709637486227 11.40555261691738
11.757946676270363 11.473843282715675
11.6621003233863 11.2690339171363
11.657172959394561 11.307319443769561
11.666657236899821 11.303293017234294
11.63377709781647 11.09160180484772
11.765631491202937 11.443121725577937
11.65523972693603 11.29533639136474
11.86986498517064 11.461071535768784
11.775183499993997 11.53575497979136
11.747402613217297 11.373131220395031
11.616288422086804 11.319967506864636
11.615404321627965 11.352428628878942
11.751711987041833 11.199343822979333
11.664299919136774 11.341657592781793
11.63442243024581 11.300958761422567
11.727500464531015 11.370570685478281
11.670063647156097 11.236006411438323
11.796057350693086 11.387030251083711
11.754170261566209 11.37877734774785
11.648086145436302 11.233416154896751
11.690194820249214 11.338324283445015
11.609631937126043 11.302330415824773
11.906121643596798 11.49110070090881
11.735130897128492 11.403735747897535
11.762093656872416 11.432246321056986
11.812991277518755 11.49881281072188
11.80543539876105 11.481631497088687
11.75067091292287 11.404261115254412
11.78852483144248 11.418070043234472
11.847881324494725 11.452754981721288
11.664359984075558 11.322423872625363
11.732483636367554 11.360409509170289
11.685831249801891 11.355479420273083
11.715590062749225 11.340667310368854
11.762252159617677 11.46379501392676
11.65886234989365 11.276529548074802
11.67976752778171 11.362824359141573
11.650787356726884 11.39543342911458
11.838564372566065 11.524891353156885
11.704111275858985 11.312210259623633
11.995494874951293 11.435816797253539
11.707946622702725 11.299775922629482
11.678276288951292 11.436956632579221
12.0100733120502 11.54940093351016
11.745423712440076 11.366422095008435
11.639052249924122 11.402191974655567
11.683951995579314 11.221490524021696
11.717492266577828 11.39336602298652
11.614393209754986 11.327560400306744
11.757451382078212 11.327784862913173
11.717522869802993 11.41482664177565
11.826813935153591 11.17700219046365
11.78001821317737 11.411052110577272
11.720363327039358 11.437232681287405
11.69742783790056 11.307440846018237
11.832829885208936 11.334316663468213
11.641128178715663 11.349214192509608
11.678307781380424 11.32212091462017
11.739461632458092 11.379644127575279
11.899201055016842 11.441656728234616
11.769627922469386 11.447461479598292
11.635608436114635 11.141746284015026
11.665709826975494 11.38732943299356
11.718562188962839 11.425610605100534
11.65348058903909 11.312250196583035
11.769444572196416 11.39351473973792
11.7018979984572 11.266965289716966
11.794418438500006 11.414931400841315
11.77192093866955 11.402209062754023
11.889586010385909 11.34295991938249
11.84860985111133 11.360526011694827
11.61263527160567 11.209427492675006
11.777921691587043 11.454045310666633
11.783238177039168 11.503658060767195
11.821976439673385 11.424517409522018
11.710108781353124 11.262022042766699
11.72817339739608 11.410372875545495
11.734191478429782 11.450974048315036
11.603409950284476 11.29044455721807
11.646338329806538 11.257700787081928
11.835745335317556 11.530703068471853
11.872877216331066 11.391434764854015
11.727182768983024 11.509932898682731
11.873852515197353 11.509148383117275
11.696092653213297 11.356782960830484
11.705679388912715 11.134255858334102
11.707530622291744 11.413733129310787
11.61524300731985 11.358107616084498
11.66750148340967 11.401918445079591
11.604175637966886 11.339013170010343
11.695504085932372 11.386986629877685
11.69611435618202 11.392343337200087
11.698135571795378 11.387934880572233
11.857733430499552 11.489962281817911
11.801144561901411 11.437232933178267
11.790064625434074 11.415830425910148
11.637301247317735 11.287843506534044
11.636226521459694 11.256933079687233
11.68222308388578 11.36764025917875
11.733024223955741 11.14652977815496
11.829603521465792 11.340453474163546
11.746937219443412 11.327064935507865
11.863049953809822 11.506537884107674
11.753780275403905 11.35631266218369
11.792619998787972 11.494228656624886
12.15740758439878 11.68478566667417
11.632245624961964 11.333983028831593
11.67347067969073 11.203440848758113
11.696343087327607 11.360619210374482
11.691596690843209 11.31306428117524
11.714110583113152 11.273834437178094
11.800787518749534 11.583490918407737
11.660014632979088 11.394135001936608
11.77554216474227 11.353072071968832
11.650730975328067 11.292882807908633
11.828269429034915 11.499026722736087
12.097580552678084 11.781030297856306
11.612991507465521 11.291817839557806
11.679026403057257 11.36079100571839
11.60399695980789 11.325272289397734
11.700613808548663 11.376774620926593
11.693450346675231 11.345718756404235
11.740474931425528 11.325487367338614
11.629762376992947 11.336968149392849
11.68465343058492 11.304077296856892
11.955327601741821 11.52449664623645
11.715509136684528 11.332943638332477
11.746624376798449 11.337433245206652
11.71732388555385 11.443797693842424
11.673113825708366 11.311436655908562
11.713542412327085 11.44441838126019
11.61207645965619 11.311530767212343
11.65844149349766 11.395058581815531
11.695326201039295 11.45932327898119
11.71329716620264 11.378497399662113
12.027713936051102 11.631853264054032
11.612979592063153 11.227791489340985
11.621308955241334 11.052076968241822
11.701199547886443 11.405473725437712
11.84333737495793 11.436376887592207
11.730718766112922 11.462005768676399
11.696160380366631 11.480557505610772
12.017130396608197 11.665720484498822
11.63951902347198 11.382013606601863
11.787695978940631 11.508481119931842
11.625103566753895 11.291823957073719
11.661730154360423 11.393329008425365
11.632438178841538 11.314355369393295
11.610368050597687 11.330429352782746
11.662094967888656 11.291149991082015
11.627684755419624 11.345860643481148
11.759045592426217 11.368790618060983
11.83176880420338 11.419153981815684
11.618247115412503 11.37531479577139
11.609106494405442 11.270745707967453
11.662549959532742 11.276062952391628
11.614724949265234 11.286226108933203
11.607049378907764 11.38635769799956
11.655242481232186 11.375531711578866
11.67333028374976 11.342696166623295
11.847164773456084 11.363832139483916
11.653109294329848 11.244210940753188
11.609581102308475 11.339781869825565
11.719674265675236 11.346059954456974
11.674374086233506 11.372541887136826
11.610648365448963 11.307534428071033
11.638387960856043 11.34578351444491
11.689882180799414 11.4413985229625
11.759916178220742 11.399616114133828
11.980770007162578 11.54920567610789
11.731161496129321 11.455032727208422
11.796353777904738 11.421068629284132
11.623346070366527 11.31048176677766
11.704520508456556 11.405555054354993
11.615745214058954 11.393717435433466
11.613320983388123 11.245194114186463
11.926909648921157 11.381324970271255
11.791911690956423 11.481117814308474
11.698025586629903 11.455925824667013
11.719724826796575 11.324797801955267
11.68187384795787 11.341394950863144
11.81329643336996 11.519965287129725
11.636501438652276 11.34688866857171
11.718874220549704 11.319159750640036
11.809380782802206 11.488291991908651
11.792546146233194 11.36475455077421
11.61653799027586 11.3042611500659
11.634389310554583 11.346725850776751
11.760128693073657 11.384587959736255
11.725047855279762 11.39114072789939
11.622007863280395 11.351623074767211
11.72122457902685 11.290839943101558
11.835006464927234 11.411405314414539
11.713555880196763 11.391854830392075
11.78631985775575 11.37821210018739
11.650191593722806 11.398817349032864
11.864991740708266 11.473351077561293
11.858210525535334 11.513571701072443
11.619706643456308 11.32465125405201
11.769892664010921 11.332551927621761
11.79458570512218 11.405495167097278
11.645140543373508 11.231965914162082
11.61424744915514 11.354547627682972
11.674048381808529 11.290757137301693
11.607124325252379 11.356781956172789
11.710099162996885 11.38393110269415
11.62131800827069 11.242317344513365
11.637221410524946 11.323988988649946
11.676383282972113 11.382004048658148
11.744980737292614 11.391908570849743
11.60329649808327 11.325759152197039
11.668427136404805 11.45328774736672
11.665497466777882 11.281384155010304
11.647101735421 11.340774869271097
11.730399587033013 11.389022328732231
11.996337557090923 11.456833505882427
11.636842186794722 11.34607928548857
11.799788598673995 11.401581887858566
11.764091701103045 11.298084468437029
11.708834605977497 11.436466174886188
11.620622538719713 11.356226824913561
11.77884479655222 11.372498475446262
11.69328109798371 11.478832169150703
11.812330051499957 11.450187488633746
11.818037484047112 11.448075745460686
11.643237780054722 11.373244951685582
11.771560727552433 11.411312161878605
11.971705679105803 11.491030935453459
11.654020647104959 11.288370470103006
11.899152025239799 11.393356546418998
11.605951481175559 11.291887455296653
11.894458396351272 11.44119320622676
11.641780087806932 11.410679051735155
11.72782741351433 11.37268768115349
11.758274735453178 11.389405907633353
11.70762820611712 11.445549920899834
11.757529475630665 11.386223056258107
11.636200815346108 11.14394083609806
11.660578743822587 11.268177048571122
11.716319079546583 11.359697337298048
11.861938009265764 11.39338541984926
11.659177548310474 11.254673725983814
11.793454701975872 11.43399005659013
11.616131524126338 11.329800347368526
11.63167669824074 11.3762684111924
11.754801757794125 11.295501716595394
11.78984512014962 11.427369724946983
11.617237704524324 11.31117405248575
11.934013873072448 11.575373202296081
11.626115066162985 11.298295241944235
11.765903583108654 11.413379779397717
11.68657058362616 11.222032963081727
11.719076065580156 11.422431854764726
11.70405559603795 11.284496117278184
11.66481205517844 11.335606542177953
11.665798131268202 11.306810323040663
11.647784317871894 11.195299233338202
11.70849650712577 11.362258370834265
11.658249111864375 11.420331211778926
11.732797832989458 11.34085866978145
11.62940355843226 11.32116266792933
11.603310666765207 11.301115117753977
11.648691573513387 11.198954978359579
11.773233456915024 11.306968732183579
11.618444432962859 11.251418103922331
11.704269820824102 11.322763854637579
11.796492437604345 11.428390363934911
11.665207383652598 11.386100289841563
11.63933694873393 11.374219303470259
11.867096336241344 11.342139633055309
11.77335398897196 11.302654678669226
